((1, 0), (35, 3))
((50, 4), (50, 67))
((66, 4), (76, 7))
((83, 23), (83, 36))
((96, 8), (112, 11))
((120, 13), (120, 19))
((120, 21), (120, 29))
((120, 31), (120, 40))
((126, 21), (126, 27))
((126, 33), (126, 39))
((126, 41), (126, 52))
((129, 25), (129, 31))
((129, 35), (129, 41))
((129, 44), (129, 53))
((129, 57), (129, 66))
((132, 12), (132, 26))
((134, 16), (134, 30))
((135, 16), (135, 31))
((136, 16), (136, 33))
((137, 16), (137, 37))
((138, 16), (138, 29))
((155, 8), (155, 68))
((160, 12), (160, 88))
((161, 12), (161, 74))
((172, 16), (172, 49))
((184, 12), (184, 87))
((185, 12), (185, 101))
((186, 12), (186, 98))
((187, 12), (187, 50))
((189, 14), (189, 20))
((190, 12), (190, 47))
((191, 12), (191, 65))
((192, 12), (192, 87))
((193, 12), (193, 96))
((194, 12), (194, 92))
((195, 12), (195, 113))
((196, 12), (196, 96))
((198, 14), (198, 28))
((199, 12), (199, 88))
((200, 12), (200, 87))
((201, 12), (201, 85))
((202, 12), (202, 99))
((203, 12), (203, 91))
((204, 12), (204, 63))
((205, 12), (205, 111))
((206, 12), (206, 78))
((207, 12), (207, 99))
((208, 12), (208, 97))
((224, 8), (393, 11))
((405, 8), (421, 11))
((433, 8), (481, 11))
((491, 8), (559, 11))
((559, 64), (592, 11))
